intvs = [16, 32, 64, 128]
>>> config_1_res
[[1.0, 1.0, 0.11, 1.0], [1.0, 1.0, 0.11, 1.0], [1.0, 1.0, 0.12, 1.0], [0.935, 1.0, 0.085, 1.0]]


intvs = [8, 16, 32, 64, 128]
>>> config_2_res
[[0.98, 1.0, 0.125, 1.0], [0.98, 1.0, 0.12, 1.0], [0.98, 1.0, 0.135, 1.0], [0.935, 1.0, 0.14, 1.0], [0.585, 0.995, 0.04, 1.0]]


intvs_3d = [16, 32, 64, 128] # all
grid_intvs = [48, 24, 16, 12]
>>> config_3_res
[[[1.0, 0.71, 0.135, 1.0], [1.0, 0.565, 0.16, 1.0], [1.0, 0.545, 0.215, 1.0], [1.0, 0.555, 0.255, 1.0]], [[1.0, 0.655, 0.15, 1.0], [1.0, 0.425, 0.155, 1.0], [1.0, 0.4, 0.22, 1.0], [1.0, 0.39, 0.245, 1.0]], [[1.0, 0.555, 0.155, 1.0], [1.0, 0.36, 0.22, 1.0], [1.0, 0.3, 0.255, 1.0], [1.0, 0.31, 0.3, 1.0]], [[0.995, 0.28, 0.15, 1.0], [1.0, 0.195, 0.24, 1.0], [0.995, 0.14, 0.285, 1.0], [1.0, 0.145, 0.34, 1.0]]]


intvs_per_ch = [8, 16, 32, 64, 128] # all
grid_intvs = [48, 24, 16, 12]
>>> config_4_res
[[[1.0, 0.355, 0.215, 1.0], [1.0, 0.16, 0.22, 1.0], [0.995, 0.1, 0.24, 1.0], [0.995, 0.1, 0.24, 1.0]], [[1.0, 0.365, 0.21, 1.0], [1.0, 0.17, 0.225, 1.0], [1.0, 0.115, 0.25, 1.0], [0.995, 0.11, 0.245, 1.0]], [[1.0, 0.36, 0.22, 1.0], [1.0, 0.205, 0.26, 1.0], [1.0, 0.13, 0.27, 1.0], [0.995, 0.1, 0.265, 1.0]], [[1.0, 0.33, 0.235, 1.0], [1.0, 0.2, 0.315, 1.0], [0.995, 0.125, 0.315, 1.0], [0.995, 0.1, 0.305, 1.0]], [[0.97, 0.175, 0.21, 1.0], [1.0, 0.125, 0.355, 1.0], [0.985, 0.1, 0.395, 1.0], [0.98, 0.065, 0.405, 1.0]]]




Including 96x96 partitions also
Full picture


>>> config_3_res
[[[1.0, 1.0, 0.11, 1.0], [1.0, 0.71, 0.135, 1.0], [1.0, 0.565, 0.16, 1.0], [1.0, 0.545, 0.215, 1.0], [1.0, 0.555, 0.255, 1.0]], [[1.0, 1.0, 0.11, 1.0], [1.0, 0.655, 0.15, 1.0], [1.0, 0.425, 0.155, 1.0], [1.0, 0.4, 0.22, 1.0], [1.0, 0.39, 0.245, 1.0]], [[1.0, 1.0, 0.12, 1.0], [1.0, 0.555, 0.155, 1.0], [1.0, 0.36, 0.22, 1.0], [1.0, 0.3, 0.255, 1.0], [1.0, 0.31, 0.3, 1.0]], [[0.935, 1.0, 0.085, 1.0], [0.995, 0.28, 0.15, 1.0], [1.0, 0.195, 0.24, 1.0], [0.995, 0.14, 0.285, 1.0], [1.0, 0.145, 0.34, 1.0]]]

>>> config_2_res
[[0.98, 1.0, 0.125, 1.0], [0.98, 1.0, 0.12, 1.0], [0.98, 1.0, 0.135, 1.0], [0.935, 1.0, 0.14, 1.0], [0.585, 0.995, 0.04, 1.0]]
